8.200000
9.100000
11.400000
13.000000
10.900000
14.300000
19.799999
22.100000
21.900000
21.900000
22.100000
20.500000
20.500000
20.900000
20.900000
20.200001
20.200001
19.700001
18.500000
18.500000
18.500000
19.000000
19.299999
19.700001
21.700001
17.100000
13.300000
14.700000
10.200000
9.100000
10.200000
9.200000
6.400000
7.600000
10.700000
12.500000
14.500000
16.900000
17.100000
17.799999
20.400000
20.500000
19.600000
19.799999
17.299999
17.100000
18.600000
18.600000
20.500000
19.900000
19.799999
20.400000
19.900000
20.799999
20.799999
19.799999
21.600000
16.500000
15.700000
14.500000
15.000000
10.600000
7.600000
7.000000
