25.000000
30.000000
31.000000
33.000000
30.000000
36.000000
47.000000
49.000000
48.000000
48.000000
50.000000
48.000000
48.000000
48.000000
48.000000
49.799999
49.799999
48.000000
46.000000
46.000000
46.000000
47.000000
46.000000
45.000000
48.000000
42.000000
33.000000
34.000000
29.000000
28.000000
31.000000
26.000000
14.000000
16.000000
19.000000
21.000000
26.000000
32.000000
37.400002
40.400002
42.099998
42.700001
42.599998
49.799999
46.599998
45.799999
48.799999
47.000000
49.400002
48.599998
47.000000
48.799999
48.000000
46.000000
46.700001
44.700001
44.700001
35.799999
29.299999
23.500000
25.000000
18.000000
16.000000
16.000000
