40.599998
45.599998
49.599998
55.799999
54.599998
65.000000
73.199997
74.199997
70.199997
69.199997
70.800003
68.000000
68.000000
68.000000
68.000000
70.000000
70.000000
69.599998
69.800003
71.000000
72.000000
73.400002
76.800003
74.000000
73.300003
68.000000
58.799999
61.099998
53.200001
49.799999
49.400002
42.000000
19.600000
22.200001
26.799999
31.400000
36.700001
42.400002
52.599998
60.099998
64.099998
67.000000
66.000000
80.000000
79.599998
79.699997
84.400002
82.599998
84.800003
80.599998
76.000000
76.500000
76.000000
69.599998
70.000000
71.599998
73.500000
56.500000
44.299999
39.099998
40.799999
29.000000
26.200001
21.600000
