57.200001
64.000000
69.800003
80.000000
85.400002
97.199997
104.199997
103.300003
93.900002
92.800003
92.800003
88.000000
90.000000
88.000000
88.000000
92.000000
94.599998
94.000000
96.800003
96.000000
98.199997
100.300003
107.099998
103.099998
103.000000
98.800003
90.599998
93.400002
78.599998
73.000000
73.000000
59.200001
27.000000
33.000000
38.900002
45.799999
52.500000
59.099998
75.500000
86.300003
98.400002
101.800003
101.099998
118.199997
120.699997
125.800003
132.000000
132.199997
134.300003
129.100006
124.099998
125.900002
122.500000
115.099998
108.599998
113.800003
113.199997
92.599998
75.800003
68.199997
60.799999
47.000000
38.000000
29.000000
