75.400002
86.400002
95.199997
110.699997
117.800003
127.199997
135.199997
132.199997
122.199997
122.400002
122.400002
119.000000
118.400002
116.400002
118.599998
125.400002
122.099998
121.699997
125.000000
124.400002
122.099998
123.300003
128.500000
125.300003
130.000000
124.000000
114.000000
120.000000
98.000000
92.800003
92.800003
77.400002
31.600000
42.000000
50.200001
60.000000
70.000000
82.099998
95.800003
108.400002
121.599998
129.000000
132.399994
157.600006
163.800003
175.000000
176.100006
172.800003
169.100006
164.600006
160.000000
164.000000
160.000000
151.000000
140.199997
143.699997
142.100006
124.800003
102.300003
88.699997
78.199997
58.799999
47.000000
33.400002
