87.400002
103.199997
111.500000
131.100006
142.500000
157.000000
163.500000
161.300003
149.699997
151.300003
153.199997
148.600006
146.000000
145.600006
149.399994
152.600006
146.000000
144.600006
149.399994
147.100006
145.699997
149.699997
154.100006
152.000000
156.399994
149.500000
140.800003
146.000000
117.199997
108.800003
108.800003
88.599998
44.599998
57.000000
67.000000
78.800003
93.400002
109.199997
123.199997
138.100006
154.399994
167.800003
171.699997
202.500000
209.899994
219.600006
218.300003
212.300003
204.699997
199.800003
193.000000
196.100006
192.100006
182.300003
167.300003
171.100006
168.300003
150.399994
128.399994
111.699997
96.199997
73.400002
59.599998
44.599998
