102.599998
119.000000
127.000000
149.000000
163.000000
178.000000
185.000000
183.000000
169.000000
172.000000
175.000000
171.000000
167.199997
167.199997
172.199997
176.000000
172.600006
175.000000
183.399994
181.000000
185.000000
191.000000
197.199997
195.199997
198.600006
187.600006
174.199997
172.800003
138.399994
128.399994
128.199997
108.599998
50.000000
63.000000
74.800003
89.400002
109.800003
128.800003
144.600006
162.600006
183.500000
203.199997
208.600006
244.399994
252.800003
259.000000
260.200012
253.500000
246.100006
241.500000
237.500000
239.600006
235.500000
226.500000
205.100006
204.100006
200.699997
177.000000
150.699997
127.000000
107.400002
81.800003
65.000000
50.000000
