121.400002
139.199997
147.199997
170.800003
188.199997
210.100006
214.500000
210.199997
194.500000
195.600006
195.800003
192.199997
190.199997
190.000000
195.000000
201.000000
200.000000
203.000000
213.000000
211.000000
217.000000
225.000000
230.000000
228.000000
229.000000
218.000000
202.000000
197.000000
160.000000
151.000000
149.000000
131.600006
51.400002
64.400002
80.400002
97.599998
124.800003
148.600006
167.600006
190.399994
213.699997
237.800003
238.600006
278.299988
289.500000
293.399994
297.799988
292.600006
281.200012
279.200012
275.000000
276.600006
271.500000
265.000000
239.500000
235.100006
230.100006
199.500000
173.300003
144.600006
115.599998
88.599998
66.400002
51.400002
