139.800003
157.800003
169.399994
196.600006
216.500000
248.300003
253.100006
248.800003
231.399994
230.800003
227.800003
221.600006
217.199997
212.399994
215.600006
221.600006
220.000000
223.000000
235.399994
234.600006
244.399994
254.399994
261.000000
259.000000
259.299988
245.800003
226.600006
219.399994
179.699997
169.199997
165.800003
147.800003
55.200001
71.400002
89.400002
111.599998
141.800003
170.800003
198.399994
222.800003
246.100006
270.500000
273.600006
312.600006
328.299988
333.500000
333.899994
329.500000
316.100006
313.799988
312.600006
312.899994
304.100006
300.500000
269.299988
261.500000
256.500000
221.800003
194.800003
161.800003
128.600006
98.400002
73.400002
55.200001
