159.000000
177.000000
194.399994
228.399994
246.199997
281.000000
287.200012
284.600006
267.600006
265.600006
264.000000
255.800003
249.600006
236.800003
239.399994
245.199997
241.600006
243.000000
259.000000
263.000000
272.600006
283.000000
290.000000
288.000000
288.000000
274.000000
254.000000
243.000000
201.000000
189.000000
185.000000
166.600006
56.000000
74.599998
94.599998
119.599998
153.199997
183.600006
215.500000
243.199997
269.399994
299.399994
308.200012
353.700012
370.600006
378.600006
376.600006
371.799988
358.100006
357.500000
348.399994
349.600006
333.200012
326.000000
292.500000
278.299988
272.100006
234.000000
206.000000
171.600006
136.600006
103.599998
76.599998
56.000000
