1.400000
1.700000
2.000000
2.200000
1.900000
2.500000
3.600000
3.800000
3.700000
3.700000
3.900000
3.700000
3.700000
3.700000
3.700000
3.700000
3.700000
3.700000
3.500000
3.500000
3.500000
3.600000
3.500000
3.400000
3.700000
3.100000
2.200000
2.300000
1.800000
1.700000
2.000000
1.600000
1.400000
1.600000
1.900000
2.100000
2.500000
3.100000
3.300000
3.400000
3.600000
3.700000
3.600000
3.700000
3.400000
3.400000
3.600000
3.600000
3.800000
3.700000
3.700000
3.800000
3.700000
3.800000
3.800000
3.600000
3.800000
3.100000
2.700000
2.300000
2.400000
1.800000
1.600000
1.600000
