2.000000
2.200000
2.000000
2.000000
2.000000
2.000000
2.000000
2.000000
2.000000
2.000000
2.000000
2.000000
2.000000
2.000000
2.000000
2.200000
2.200000
2.000000
2.000000
2.000000
2.000000
2.000000
2.000000
2.000000
2.000000
2.000000
2.000000
2.000000
2.000000
2.000000
2.000000
1.800000
0.000000
0.000000
0.000000
0.000000
0.200000
0.200000
0.700000
1.100000
1.100000
1.000000
1.100000
2.200000
2.100000
2.000000
2.200000
2.000000
2.200000
2.100000
1.800000
1.900000
2.000000
1.400000
1.500000
1.400000
1.300000
0.800000
0.300000
0.100000
0.200000
0.000000
0.000000
0.000000
