1.800000
2.000000
2.200000
3.000000
3.400000
3.000000
2.900000
2.400000
2.200000
2.200000
2.200000
2.000000
2.200000
2.000000
2.000000
2.600000
2.600000
2.600000
2.400000
2.000000
2.400000
2.300000
2.200000
2.200000
3.200000
3.000000
2.800000
3.100000
1.900000
2.000000
2.000000
1.800000
0.600000
1.200000
1.200000
1.300000
1.700000
2.100000
2.100000
2.500000
2.900000
3.000000
3.700000
3.800000
4.300000
5.000000
5.100000
5.100000
5.300000
5.500000
5.700000
5.800000
5.500000
5.100000
4.300000
3.900000
4.000000
4.300000
3.300000
2.500000
1.600000
1.400000
1.200000
0.600000
