2.200000
2.200000
2.200000
2.200000
2.600000
4.100000
3.700000
3.400000
3.100000
2.800000
2.400000
2.200000
2.200000
2.000000
2.000000
2.000000
2.000000
2.000000
2.000000
2.000000
2.000000
2.000000
2.000000
2.000000
2.000000
2.000000
2.000000
2.000000
2.000000
2.000000
2.000000
1.800000
0.200000
0.200000
0.200000
0.600000
1.300000
2.100000
2.600000
2.800000
2.700000
3.000000
2.900000
3.100000
3.400000
3.600000
3.800000
4.000000
3.600000
3.600000
3.800000
3.600000
3.000000
3.300000
2.800000
2.400000
2.300000
2.000000
2.000000
1.400000
0.600000
0.400000
0.200000
0.200000
