2.000000
2.000000
2.400000
2.800000
2.600000
3.200000
3.200000
3.600000
3.600000
3.600000
3.800000
3.600000
3.200000
2.600000
2.400000
2.400000
2.200000
2.000000
2.000000
2.400000
2.200000
2.000000
2.000000
2.000000
2.000000
2.000000
2.000000
2.000000
2.000000
2.000000
2.000000
1.800000
0.000000
0.200000
0.200000
0.200000
0.400000
1.000000
0.900000
1.400000
1.600000
2.000000
2.700000
4.000000
3.800000
4.500000
4.900000
4.500000
4.500000
4.600000
3.500000
3.400000
2.500000
1.900000
1.800000
1.400000
1.200000
0.800000
0.800000
0.200000
0.200000
0.200000
0.200000
0.000000
